51
시청
0201
1
2
을지로입구
0202
1
2
을지로3가
0203
1
2
을지로4가
0204
1
2
동대문역사문화공원
0205
2
4
2
신당
0206
1
2
상왕십리
0207
1
2
왕십리
0208
1
2
한양대
0209
1
2
뚝섬
0210
1
2
성수
0211
1
2
용답
0244
1
2
신답
0245
1
2
용두
0250
1
2
신설동
0246
1
2
건대입구
0212
1
2
구의
0213
1
2
강변
0214
1
2
잠실나루
0215
1
2
잠실
0216
1
2
신천
0217
1
2
종합운동장
0218
1
2
삼성
0219
1
2
선릉
0220
1
2
역삼
0221
1
2
강남
0222
1
2
교대
0223
1
2
서초
0224
1
2
방배
0225
1
2
사당
0226
2
4
2
낙성대
0227
1
2
서울대입구
0228
1
2
봉천
0229
1
2
신림
0230
1
2
신대방
0231
1
2
구로디지털단지
0232
1
2
대림
0233
1
2
신도림
0234
1
2
도림천
0247
1
2
양천구청
0248
1
2
신정네거리
0249
1
2
까치산
0260
1
2
문래
0235
1
2
영등포구청
0236
1
2
당산
0237
1
2
합정
0238
1
2
홍대입구
0239
1
2
신촌
0240
1
2
이대
0241
1
2
아현
0242
1
2
충정로
0243
1
2
