48
당고개
0409
1
4
상계
0410
1
4
노원
0411
1
4
창동
0412
1
4
쌍문
0413
1
4
수유
0414
1
4
미아
0415
1
4
미아사거리
0416
1
4
길음
0417
1
4
성신여대입구
0418
1
4
한성대입구
0419
1
4
혜화
0420
1
4
동대문
0421
1
4
동대문역사문화공원
0422
2
4
2
충무로
0423
1
4
명동
0424
1
4
회현
0425
1
4
서울
0426
1
4
숙대입구
0427
1
4
삼각지
0428
1
4
신용산
0429
1
4
이촌
0430
1
4
동작
0431
1
4
총신대입구(이수)
0432
1
4
사당
0433
2
4
2
남태령
0434
1
4
선바위
1450
1
4
경마공원
1451
1
4
대공원
1452
1
4
과천
1453
1
4
정부과천청사
1454
1
4
인덕원
1455
1
4
평촌
1456
1
4
범계
1457
1
4
금정
1458
1
4
산본
1751
1
4
수리산
1763
1
4
대야미
1752
1
4
반월
1753
1
4
상록수
1754
1
4
한대앞
1755
1
4
중앙
1756
1
4
고잔
1757
1
4
초지
1758
1
4
안산
1759
1
4
신길온천
1760
1
4
정왕
1761
1
4
오이도
1762
1
4
